100
188
0 65 
0 49
0  7
0 19 
1 97 
4 98
4 98
4 59
4 71
4 73 
5 51 
6 30 
7 44
7 31
7 78
8 24
8 46 
9 80
10 64
10 19 
11 86
11 15 
12 80 
13 80
14 96 
14 74 
14 73 
15 71 
15 72 
15 11 
16 24 
16 51
16 99 
17 33 
17 53 
18 57 
18 44 
19 74 
19 10
19 0 
20 87 
21 88 
22 61
22 67 
23 89
24 99
24 92 
24 36
24 8
24 16 
25 94
25 54
25 82 
27 69
27 76 
28 47 
29 70 
30 73
30 63
30 79
30 42
30 6 
31 83
31 59
31 7 
32 98 
33 97
33 17 
34 74
34 35
34 60 
35 98
35 34 
36 91
36 24 
37 49
37 59 
38 75 
39 79
39 64 
40 85
41 56 
42 44
42 30 
43 85
44 42
44 7
44 18 
45 91 
46 67
46 91
46 8 
47 93
47 28 
48 91 
49 0 
49 37 
50 97 
50 54 
51 5 
51 67
51 16 
52 83 
53 17 
54 56
54 25
54 50 
55 85
56 54
56 41 
57 82
57 18 
58 13
59 4
59 37
59 31 
60 81
60 34 
61 95
61 22 
62 13
63 30 
64 90
64 10
64 39 
65 0 
66 13
67 51
67 46
67 22 
68 13
69 27 
70 29 
71 83
71 77
71 97
71 15
71 4 
72 15 
73 14
73 30
73 4 
74 34
74 14
74 19 
75 90
75 38 
76 27 
77 71
77 78 
78 77
78 7 
79 39
79 30 
81 60 
82 57
82 25 
83 71
83 31
83 52 
84 26
85 26
86 11 
87 20 
88 94
88 21 
90 75
90 64 
91 36
91 45
91 48
91 46 
92 24 
93 47 
94 88
94 25 
95 61 
96 14 
97 1
97 33
97 71
97 50 
98 4
98 4
98 35
98 32 
99 24
99 16 
